image_width: 1280
image_height: 720
camera_name: narrow_stereo
camera_matrix:
  rows: 3
  cols: 3
  data: [ 804.09845,    0.     ,  596.43633,
            0.     ,  793.26428,  390.52432,
            0.     ,    0.     ,    1.     ]
distortion_model: plumb_bob
distortion_coefficients:
  rows: 1
  cols: 5
  data: [-0.339242, 0.103898, 0.000554, -0.000530, 0.000000]
rectification_matrix:
  rows: 3
  cols: 3
  data: [ 1.,  0.,  0.,
          0.,  1.,  0.,
          0.,  0.,  1.]
projection_matrix:
  rows: 3
  cols: 4
  data: [ 604.49207,    0.     ,  574.9899 ,    0.     ,
            0.     ,  730.26947,  396.3094 ,    0.     ,
            0.     ,    0.     ,    1.     ,    0.     ]
